a1=1;
b=a1*2